-1.26077678657,-0.0741633403864,-1.26077678657,-0.0741633403864,-1.08269687411,-0.0832843749314,-1.08269687411,-0.0832843749314,1.0,1.0,1.0,1.0,1.0,1.0,1.0,1,1,1,1,1.0,1.0,1.0,1.0,1.0,1.0,1.0,1,1,1,1
-0.733658630257,-0.0431563900151,-0.733658630257,-0.0431563900151,-0.522505115526,-0.0401927011943,-0.522505115526,-0.0401927011943,0.25,0.25,0.25,0.25,0.25,0.25,0.25,1,1,1,1,1.0,1.0,1.0,1.0,1.0,1.0,1.0,1,1,1,1
-0.480836454583,-0.0282844973284,-0.480836454583,-0.0282844973284,-0.36961966215,-0.0284322817039,-0.36961966215,-0.0284322817039,1.0,1.0,1.0,1.0,1.0,1.0,1.0,1,1,1,1,1.0,1.0,1.0,1.0,1.0,1.0,1.0,1,1,1,1
-0.580989530542,-0.0341758547378,-0.580989530542,-0.0341758547378,-0.474969903934,-0.0365361464564,-0.474969903934,-0.0365361464564,1.0,1.0,1.0,1.0,1.0,1.0,1.0,1,1,1,1,1.0,1.0,1.0,1.0,1.0,1.0,1.0,1,1,1,1
-1.73344987392,-0.101967639643,-1.73344987392,-0.101967639643,-1.17476865874,-0.0903668199028,-1.17476865874,-0.0903668199028,1.0,1.0,1.0,1.0,1.0,1.0,1.0,1,1,1,1,1.0,1.0,1.0,1.0,1.0,1.0,1.0,1,1,1,1
-0.968492017756,-0.0569701186915,-0.968492017756,-0.0569701186915,-0.885894965926,-0.0681457666097,-0.885894965926,-0.0681457666097,1.0,1.0,1.0,1.0,1.0,1.0,1.0,1,1,1,1,1.0,1.0,1.0,1.0,1.0,1.0,1.0,1,1,1,1
-0.733926860642,-0.0431721682731,-0.733926860642,-0.0431721682731,-0.649273164178,-0.0499440895522,-0.649273164178,-0.0499440895522,1.0,1.0,1.0,1.0,1.0,1.0,1.0,1,1,1,1,1.0,1.0,1.0,1.0,1.0,1.0,1.0,1,1,1,1
-1.65860817022,-0.0975651864835,-1.65860817022,-0.0975651864835,-1.36642637456,-0.10510972112,-1.36642637456,-0.10510972112,1.0,1.0,1.0,1.0,1.0,1.0,1.0,1,1,1,1,1.0,1.0,1.0,1.0,1.0,1.0,1.0,1,1,1,1
-0.16621972005,-0.00977763059117,-0.16621972005,-0.00977763059117,-0.125771950333,-0.00967476541023,-0.125771950333,-0.00967476541023,0.1111111111111111,0.1111111111111111,0.1111111111111111,0.1111111111111111,0.1111111111111111,0.1111111111111111,0.1111111111111111,1,1,1,1,0.1111111111111111,0.1111111111111111,0.1111111111111111,0.1111111111111111,0.1111111111111111,0.1111111111111111,0.1111111111111111,1,1,1,1
-0.995506701794,-0.0585592177526,-0.995506701794,-0.0585592177526,-0.911580028761,-0.070121540674,-0.911580028761,-0.070121540674,1.0,1.0,1.0,1.0,1.0,1.0,1.0,1,1,1,1,1.0,1.0,1.0,1.0,1.0,1.0,1.0,1,1,1,1
-1.59436208846,-0.0937860052034,-1.59436208846,-0.0937860052034,-1.17620980762,-0.0904776775089,-1.17620980762,-0.0904776775089,1.0,1.0,1.0,1.0,1.0,1.0,1.0,1,1,1,1,1.0,1.0,1.0,1.0,1.0,1.0,1.0,1,1,1,1
-0.614565976646,-0.0361509398027,-0.614565976646,-0.0361509398027,-0.498053682392,-0.0383118217224,-0.498053682392,-0.0383118217224,1.0,1.0,1.0,1.0,1.0,1.0,1.0,1,1,1,1,1.0,1.0,1.0,1.0,1.0,1.0,1.0,1,1,1,1
-0.567643762647,-0.0333908095675,-0.567643762647,-0.0333908095675,-0.500266698438,-0.038482053726,-0.500266698438,-0.038482053726,1.0,1.0,1.0,1.0,1.0,1.0,1.0,1,1,1,1,1.0,1.0,1.0,1.0,1.0,1.0,1.0,1,1,1,1
-1.27942181258,-0.0752601066224,-1.27942181258,-0.0752601066224,-0.92248768907,-0.0709605914669,-0.92248768907,-0.0709605914669,1.0,1.0,1.0,1.0,1.0,1.0,1.0,1,1,1,1,1.0,1.0,1.0,1.0,1.0,1.0,1.0,1,1,1,1
-1.64442917171,-0.0967311277475,-1.64442917171,-0.0967311277475,-1.40365744458,-0.107973649583,-1.40365744458,-0.107973649583,1.0,1.0,1.0,1.0,1.0,1.0,1.0,1,1,1,1,1.0,1.0,1.0,1.0,1.0,1.0,1.0,1,1,1,1
-1.01598621924,-0.0597638952495,-1.01598621924,-0.0597638952495,-0.67048267622,-0.0515755904784,-0.67048267622,-0.0515755904784,1.0,1.0,1.0,1.0,1.0,1.0,1.0,1,1,1,1,1.0,1.0,1.0,1.0,1.0,1.0,1.0,1,1,1,1
-1.23011268183,-0.0723595695194,-1.23011268183,-0.0723595695194,-1.11279658698,-0.0855997374598,-1.11279658698,-0.0855997374598,1.0,1.0,1.0,1.0,1.0,1.0,1.0,1,1,1,1,1.0,1.0,1.0,1.0,1.0,1.0,1.0,1,1,1,1
-1.36016870998,-0.0800099241164,-1.36016870998,-0.0800099241164,-1.27814811571,-0.0983190858242,-1.27814811571,-0.0983190858242,1.0,1.0,1.0,1.0,1.0,1.0,1.0,1,1,1,1,1.0,1.0,1.0,1.0,1.0,1.0,1.0,1,1,1,1
-0.769312031036,-0.0452536488845,-0.769312031036,-0.0452536488845,-0.488343857524,-0.0375649121172,-0.488343857524,-0.0375649121172,1.0,1.0,1.0,1.0,1.0,1.0,1.0,1,1,1,1,1.0,1.0,1.0,1.0,1.0,1.0,1.0,1,1,1,1
-1.64886672369,-0.096992160217,-1.64886672369,-0.096992160217,-1.38308546801,-0.106391189847,-1.38308546801,-0.106391189847,1.0,1.0,1.0,1.0,1.0,1.0,1.0,1,1,1,1,1.0,1.0,1.0,1.0,1.0,1.0,1.0,1,1,1,1
-0.671451192306,-0.0394971289592,-0.671451192306,-0.0394971289592,-0.554584496593,-0.0426603458917,-0.554584496593,-0.0426603458917,1.0,1.0,1.0,1.0,1.0,1.0,1.0,1,1,1,1,1.0,1.0,1.0,1.0,1.0,1.0,1.0,1,1,1,1
-0.760259306394,-0.0447211356702,-0.760259306394,-0.0447211356702,-0.638613474955,-0.0491241134581,-0.638613474955,-0.0491241134581,1.0,1.0,1.0,1.0,1.0,1.0,1.0,1,1,1,1,1.0,1.0,1.0,1.0,1.0,1.0,1.0,1,1,1,1
-1.2974721383,-0.0763218904882,-1.2974721383,-0.0763218904882,-0.97673700911,-0.0751336160854,-0.97673700911,-0.0751336160854,1.0,1.0,1.0,1.0,1.0,1.0,1.0,1,1,1,1,1.0,1.0,1.0,1.0,1.0,1.0,1.0,1,1,1,1
-0.833011940264,-0.0490007023685,-0.833011940264,-0.0490007023685,-0.581289394263,-0.0447145687894,-0.581289394263,-0.0447145687894,1.0,1.0,1.0,1.0,1.0,1.0,1.0,1,1,1,1,1.0,1.0,1.0,1.0,1.0,1.0,1.0,1,1,1,1
-0.399736540076,-0.0235139141221,-0.399736540076,-0.0235139141221,-0.279023501367,-0.021463346259,-0.279023501367,-0.021463346259,1.0,1.0,1.0,1.0,1.0,1.0,1.0,1,1,1,1,1.0,1.0,1.0,1.0,1.0,1.0,1.0,1,1,1,1
-1.46770595746,-0.0863356445567,-1.46770595746,-0.0863356445567,-1.2613542843,-0.0970272526384,-1.2613542843,-0.0970272526384,1.0,1.0,1.0,1.0,1.0,1.0,1.0,1,1,1,1,1.0,1.0,1.0,1.0,1.0,1.0,1.0,1,1,1,1
-1.05195308548,-0.0618795932634,-1.05195308548,-0.0618795932634,-0.850702522492,-0.0654386555763,-0.850702522492,-0.0654386555763,1.0,1.0,1.0,1.0,1.0,1.0,1.0,1,1,1,1,1.0,1.0,1.0,1.0,1.0,1.0,1.0,1,1,1,1
-0.827042569165,-0.0486495628921,-0.827042569165,-0.0486495628921,-0.600924051347,-0.0462249270267,-0.600924051347,-0.0462249270267,1.0,1.0,1.0,1.0,1.0,1.0,1.0,1,1,1,1,1.0,1.0,1.0,1.0,1.0,1.0,1.0,1,1,1,1
-1.56322646293,-0.0919544978194,-1.56322646293,-0.0919544978194,-1.22230845817,-0.0940237275513,-1.22230845817,-0.0940237275513,1.0,1.0,1.0,1.0,1.0,1.0,1.0,1,1,1,1,1.0,1.0,1.0,1.0,1.0,1.0,1.0,1,1,1,1
-0.830982266936,-0.0488813098198,-0.830982266936,-0.0488813098198,-0.705191214913,-0.0542454780702,-0.705191214913,-0.0542454780702,1.0,1.0,1.0,1.0,1.0,1.0,1.0,1,1,1,1,1.0,1.0,1.0,1.0,1.0,1.0,1.0,1,1,1,1
