-0.712171988143,-0.142434397629,-0.712171988143,-0.142434397629,-0.281993797984,-0.0939979326614,-0.281993797984,-0.0939979326614,0.2,0.2,0.2,0.2,0.2,0.2,0.2,1,1,1,1,0.2,0.2,0.2,0.2,0.2,0.2,0.2,1,1,1,1
-0.428910093044,-0.0857820186088,-0.428910093044,-0.0857820186088,-0.166723125138,-0.0555743750459,-0.166723125138,-0.0555743750459,0.125,0.125,0.125,0.125,0.125,0.125,0.125,1,1,1,1,0.25,0.25,0.25,0.25,0.25,0.25,0.25,1,1,1,1
-0.426476694677,-0.0852953389354,-0.426476694677,-0.0852953389354,0.0595543307916,0.0198514435972,0.0595543307916,0.0198514435972,1.0,1.0,1.0,1.0,1.0,1.0,1.0,1,1,1,1,1.0,1.0,1.0,1.0,1.0,1.0,1.0,1,1,1,1
-0.35559510828,-0.0711190216561,-0.35559510828,-0.0711190216561,0.0494745582011,0.0164915194004,0.0494745582011,0.0164915194004,1.0,1.0,1.0,1.0,1.0,1.0,1.0,1,1,1,1,1.0,1.0,1.0,1.0,1.0,1.0,1.0,1,1,1,1
-1.02722349025,-0.20544469805,-1.02722349025,-0.20544469805,-0.313594806678,-0.104531602226,-0.313594806678,-0.104531602226,0.16666666666666666,0.16666666666666666,0.16666666666666666,0.16666666666666666,0.16666666666666666,0.16666666666666666,0.16666666666666666,1,1,1,1,0.25,0.25,0.25,0.25,0.25,0.25,0.25,1,1,1,1
-0.188473334597,-0.0376946669195,-0.188473334597,-0.0376946669195,-0.0833615625688,-0.0277871875229,-0.0833615625688,-0.0277871875229,0.125,0.125,0.125,0.125,0.125,0.125,0.125,1,1,1,1,0.125,0.125,0.125,0.125,0.125,0.125,0.125,1,1,1,1
-2.33510842769,-0.467021685539,-2.33510842769,-0.467021685539,-0.669794699392,-0.223264899797,-0.669794699392,-0.223264899797,0.3333333333333333,0.3333333333333333,0.3333333333333333,0.3333333333333333,0.3333333333333333,0.3333333333333333,0.3333333333333333,1,1,1,1,0.3333333333333333,0.3333333333333333,0.3333333333333333,0.3333333333333333,0.3333333333333333,0.3333333333333333,0.3333333333333333,1,1,1,1
-0.73275851766,-0.146551703532,-0.73275851766,-0.146551703532,-0.158929348221,-0.052976449407,-0.158929348221,-0.052976449407,0.16666666666666666,0.16666666666666666,0.16666666666666666,0.16666666666666666,0.16666666666666666,0.16666666666666666,0.16666666666666666,1,1,1,1,1.0,1.0,1.0,1.0,1.0,1.0,1.0,1,1,1,1
-0.944570061204,-0.188914012241,-0.944570061204,-0.188914012241,-0.137100010534,-0.0457000035112,-0.137100010534,-0.0457000035112,0.2,0.2,0.2,0.2,0.2,0.2,0.2,1,1,1,1,0.25,0.25,0.25,0.25,0.25,0.25,0.25,1,1,1,1
-0.593953897837,-0.118790779567,-0.593953897837,-0.118790779567,-0.291765468991,-0.0972551563303,-0.291765468991,-0.0972551563303,0.16666666666666666,0.16666666666666666,0.16666666666666666,0.16666666666666666,0.16666666666666666,0.16666666666666666,0.16666666666666666,1,1,1,1,0.16666666666666666,0.16666666666666666,0.16666666666666666,0.16666666666666666,0.16666666666666666,0.16666666666666666,0.16666666666666666,1,1,1,1
-0.336929484783,-0.0673858969565,-0.336929484783,-0.0673858969565,-0.166723125138,-0.0555743750459,-0.166723125138,-0.0555743750459,0.125,0.125,0.125,0.125,0.125,0.125,0.125,1,1,1,1,0.125,0.125,0.125,0.125,0.125,0.125,0.125,1,1,1,1
-0.385248316284,-0.0770496632567,-0.385248316284,-0.0770496632567,-0.208403906422,-0.0694679688073,-0.208403906422,-0.0694679688073,0.125,0.125,0.125,0.125,0.125,0.125,0.125,1,1,1,1,0.125,0.125,0.125,0.125,0.125,0.125,0.125,1,1,1,1
-0.45599838374,-0.0911996767481,-0.45599838374,-0.0911996767481,-0.291765468991,-0.0972551563303,-0.291765468991,-0.0972551563303,0.07692307692307693,0.07692307692307693,0.07692307692307693,0.07692307692307693,0.07692307692307693,0.07692307692307693,0.07692307692307693,1,1,1,1,0.07692307692307693,0.07692307692307693,0.07692307692307693,0.07692307692307693,0.07692307692307693,0.07692307692307693,0.07692307692307693,1,1,1,1
-4.28984508184,-0.857969016369,-4.28984508184,-0.857969016369,-1.95066369632,-0.650221232108,-1.95066369632,-0.650221232108,0.3333333333333333,0.3333333333333333,0.3333333333333333,0.3333333333333333,0.3333333333333333,0.3333333333333333,0.3333333333333333,1,1,1,1,1.0,1.0,1.0,1.0,1.0,1.0,1.0,1,1,1,1
-0.482025012939,-0.0964050025877,-0.482025012939,-0.0964050025877,-0.115270672847,-0.0384235576155,-0.115270672847,-0.0384235576155,0.2,0.2,0.2,0.2,0.2,0.2,0.2,1,1,1,1,0.2,0.2,0.2,0.2,0.2,0.2,0.2,1,1,1,1
-1.00106519652,-0.200213039304,-1.00106519652,-0.200213039304,-0.49070580599,-0.163568601997,-0.49070580599,-0.163568601997,0.25,0.25,0.25,0.25,0.25,0.25,0.25,1,1,1,1,1.0,1.0,1.0,1.0,1.0,1.0,1.0,1,1,1,1
-0.336929484783,-0.0673858969565,-0.336929484783,-0.0673858969565,-0.166723125138,-0.0555743750459,-0.166723125138,-0.0555743750459,0.125,0.125,0.125,0.125,0.125,0.125,0.125,1,1,1,1,0.125,0.125,0.125,0.125,0.125,0.125,0.125,1,1,1,1
-1.93360874877,-0.386721749753,-1.93360874877,-0.386721749753,0.0489017842095,0.0163005947365,0.0489017842095,0.0163005947365,0.3333333333333333,0.3333333333333333,0.3333333333333333,0.3333333333333333,0.3333333333333333,0.3333333333333333,0.3333333333333333,1,1,1,1,1.0,1.0,1.0,1.0,1.0,1.0,1.0,1,1,1,1
-0.458697542215,-0.0917395084431,-0.458697542215,-0.0917395084431,-0.270244232887,-0.0900814109625,-0.270244232887,-0.0900814109625,0.16666666666666666,0.16666666666666666,0.16666666666666666,0.16666666666666666,0.16666666666666666,0.16666666666666666,0.16666666666666666,1,1,1,1,0.25,0.25,0.25,0.25,0.25,0.25,0.25,1,1,1,1
-0.688258672081,-0.137651734416,-0.688258672081,-0.137651734416,-0.252062581796,-0.0840208605988,-0.252062581796,-0.0840208605988,0.2,0.2,0.2,0.2,0.2,0.2,0.2,1,1,1,1,1.0,1.0,1.0,1.0,1.0,1.0,1.0,1,1,1,1
-0.701672970762,-0.140334594152,-0.701672970762,-0.140334594152,-0.107168794346,-0.0357229314487,-0.107168794346,-0.0357229314487,0.2,0.2,0.2,0.2,0.2,0.2,0.2,1,1,1,1,1.0,1.0,1.0,1.0,1.0,1.0,1.0,1,1,1,1
-1.04802236959,-0.209604473917,-1.04802236959,-0.209604473917,-0.272222126977,-0.0907407089925,-0.272222126977,-0.0907407089925,0.2,0.2,0.2,0.2,0.2,0.2,0.2,1,1,1,1,1.0,1.0,1.0,1.0,1.0,1.0,1.0,1,1,1,1
-1.17462082946,-0.234924165892,-1.17462082946,-0.234924165892,-0.458796695712,-0.152932231904,-0.458796695712,-0.152932231904,0.3333333333333333,0.3333333333333333,0.3333333333333333,0.3333333333333333,0.3333333333333333,0.3333333333333333,0.3333333333333333,1,1,1,1,0.3333333333333333,0.3333333333333333,0.3333333333333333,0.3333333333333333,0.3333333333333333,0.3333333333333333,0.3333333333333333,1,1,1,1
-0.188473334597,-0.0376946669195,-0.188473334597,-0.0376946669195,-0.0833615625688,-0.0277871875229,-0.0833615625688,-0.0277871875229,0.125,0.125,0.125,0.125,0.125,0.125,0.125,1,1,1,1,0.125,0.125,0.125,0.125,0.125,0.125,0.125,1,1,1,1
-0.481628738477,-0.0963257476954,-0.481628738477,-0.0963257476954,-0.37512703156,-0.125042343853,-0.37512703156,-0.125042343853,0.125,0.125,0.125,0.125,0.125,0.125,0.125,1,1,1,1,0.125,0.125,0.125,0.125,0.125,0.125,0.125,1,1,1,1
-0.0833615625688,-0.0166723125138,-0.0833615625688,-0.0166723125138,-0.0416807812844,-0.0138935937615,-0.0416807812844,-0.0138935937615,0,0,0,0,0,0,0,1,1,1,1,0,0,0,0,0,0,0,1,1,1,1
-0.689797391382,-0.137959478276,-0.689797391382,-0.137959478276,-0.157259555715,-0.0524198519049,-0.157259555715,-0.0524198519049,1.0,1.0,1.0,1.0,1.0,1.0,1.0,1,1,1,1,1.0,1.0,1.0,1.0,1.0,1.0,1.0,1,1,1,1
-1.3059129374,-0.26118258748,-1.3059129374,-0.26118258748,-0.222747568776,-0.0742491895921,-0.222747568776,-0.0742491895921,0.25,0.25,0.25,0.25,0.25,0.25,0.25,1,1,1,1,1.0,1.0,1.0,1.0,1.0,1.0,1.0,1,1,1,1
