0.2,0.2,0.2,0.2,0.2,0.2,0.2,1,1,1,1,0.2,0.2,0.2,0.2,0.2,0.2,0.2,1,1,1,1
0.125,0.125,0.125,0.125,0.125,0.125,0.125,1,1,1,1,0.25,0.25,0.25,0.25,0.25,0.25,0.25,1,1,1,1
1.0,1.0,1.0,1.0,1.0,1.0,1.0,1,1,1,1,1.0,1.0,1.0,1.0,1.0,1.0,1.0,1,1,1,1
1.0,1.0,1.0,1.0,1.0,1.0,1.0,1,1,1,1,1.0,1.0,1.0,1.0,1.0,1.0,1.0,1,1,1,1
0.16666666666666666,0.16666666666666666,0.16666666666666666,0.16666666666666666,0.16666666666666666,0.16666666666666666,0.16666666666666666,1,1,1,1,0.25,0.25,0.25,0.25,0.25,0.25,0.25,1,1,1,1
0.125,0.125,0.125,0.125,0.125,0.125,0.125,1,1,1,1,0.125,0.125,0.125,0.125,0.125,0.125,0.125,1,1,1,1
0.3333333333333333,0.3333333333333333,0.3333333333333333,0.3333333333333333,0.3333333333333333,0.3333333333333333,0.3333333333333333,1,1,1,1,0.3333333333333333,0.3333333333333333,0.3333333333333333,0.3333333333333333,0.3333333333333333,0.3333333333333333,0.3333333333333333,1,1,1,1
0.16666666666666666,0.16666666666666666,0.16666666666666666,0.16666666666666666,0.16666666666666666,0.16666666666666666,0.16666666666666666,1,1,1,1,1.0,1.0,1.0,1.0,1.0,1.0,1.0,1,1,1,1
0.2,0.2,0.2,0.2,0.2,0.2,0.2,1,1,1,1,0.25,0.25,0.25,0.25,0.25,0.25,0.25,1,1,1,1
0.16666666666666666,0.16666666666666666,0.16666666666666666,0.16666666666666666,0.16666666666666666,0.16666666666666666,0.16666666666666666,1,1,1,1,0.16666666666666666,0.16666666666666666,0.16666666666666666,0.16666666666666666,0.16666666666666666,0.16666666666666666,0.16666666666666666,1,1,1,1
0.125,0.125,0.125,0.125,0.125,0.125,0.125,1,1,1,1,0.125,0.125,0.125,0.125,0.125,0.125,0.125,1,1,1,1
0.125,0.125,0.125,0.125,0.125,0.125,0.125,1,1,1,1,0.125,0.125,0.125,0.125,0.125,0.125,0.125,1,1,1,1
0.07692307692307693,0.07692307692307693,0.07692307692307693,0.07692307692307693,0.07692307692307693,0.07692307692307693,0.07692307692307693,1,1,1,1,0.07692307692307693,0.07692307692307693,0.07692307692307693,0.07692307692307693,0.07692307692307693,0.07692307692307693,0.07692307692307693,1,1,1,1
0.3333333333333333,0.3333333333333333,0.3333333333333333,0.3333333333333333,0.3333333333333333,0.3333333333333333,0.3333333333333333,1,1,1,1,1.0,1.0,1.0,1.0,1.0,1.0,1.0,1,1,1,1
0.2,0.2,0.2,0.2,0.2,0.2,0.2,1,1,1,1,0.2,0.2,0.2,0.2,0.2,0.2,0.2,1,1,1,1
0.25,0.25,0.25,0.25,0.25,0.25,0.25,1,1,1,1,1.0,1.0,1.0,1.0,1.0,1.0,1.0,1,1,1,1
0.125,0.125,0.125,0.125,0.125,0.125,0.125,1,1,1,1,0.125,0.125,0.125,0.125,0.125,0.125,0.125,1,1,1,1
0.3333333333333333,0.3333333333333333,0.3333333333333333,0.3333333333333333,0.3333333333333333,0.3333333333333333,0.3333333333333333,1,1,1,1,1.0,1.0,1.0,1.0,1.0,1.0,1.0,1,1,1,1
0.16666666666666666,0.16666666666666666,0.16666666666666666,0.16666666666666666,0.16666666666666666,0.16666666666666666,0.16666666666666666,1,1,1,1,0.25,0.25,0.25,0.25,0.25,0.25,0.25,1,1,1,1
0.2,0.2,0.2,0.2,0.2,0.2,0.2,1,1,1,1,1.0,1.0,1.0,1.0,1.0,1.0,1.0,1,1,1,1
0.2,0.2,0.2,0.2,0.2,0.2,0.2,1,1,1,1,1.0,1.0,1.0,1.0,1.0,1.0,1.0,1,1,1,1
0.2,0.2,0.2,0.2,0.2,0.2,0.2,1,1,1,1,1.0,1.0,1.0,1.0,1.0,1.0,1.0,1,1,1,1
0.3333333333333333,0.3333333333333333,0.3333333333333333,0.3333333333333333,0.3333333333333333,0.3333333333333333,0.3333333333333333,1,1,1,1,0.3333333333333333,0.3333333333333333,0.3333333333333333,0.3333333333333333,0.3333333333333333,0.3333333333333333,0.3333333333333333,1,1,1,1
0.125,0.125,0.125,0.125,0.125,0.125,0.125,1,1,1,1,0.125,0.125,0.125,0.125,0.125,0.125,0.125,1,1,1,1
0.125,0.125,0.125,0.125,0.125,0.125,0.125,1,1,1,1,0.125,0.125,0.125,0.125,0.125,0.125,0.125,1,1,1,1
0,0,0,0,0,0,0,1,1,1,1,0,0,0,0,0,0,0,1,1,1,1
1.0,1.0,1.0,1.0,1.0,1.0,1.0,1,1,1,1,1.0,1.0,1.0,1.0,1.0,1.0,1.0,1,1,1,1
0.25,0.25,0.25,0.25,0.25,0.25,0.25,1,1,1,1,1.0,1.0,1.0,1.0,1.0,1.0,1.0,1,1,1,1
