-1.38687209932,-0.0815807117249,-1.38687209932,-0.0815807117249,-1.13143059127,-0.0870331224052,-1.13143059127,-0.0870331224052,1.0,1.0,1.0,1.0,1.0,1.0,1.0,1,1,1,1,1.0,1.0,1.0,1.0,1.0,1.0,1.0,1,1,1,1
-1.98411456367,-0.116712621393,-1.98411456367,-0.116712621393,-1.33470051512,-0.102669270394,-1.33470051512,-0.102669270394,0.25,0.25,0.25,0.25,0.25,0.25,0.25,1,1,1,1,1.0,1.0,1.0,1.0,1.0,1.0,1.0,1,1,1,1
-1.40845044193,-0.0828500259958,-1.40845044193,-0.0828500259958,-0.804091705919,-0.0618532081476,-0.804091705919,-0.0618532081476,1.0,1.0,1.0,1.0,1.0,1.0,1.0,1,1,1,1,1.0,1.0,1.0,1.0,1.0,1.0,1.0,1,1,1,1
-1.15215770542,-0.067773982672,-1.15215770542,-0.067773982672,-0.71504163044,-0.0550032023415,-0.71504163044,-0.0550032023415,1.0,1.0,1.0,1.0,1.0,1.0,1.0,1,1,1,1,1.0,1.0,1.0,1.0,1.0,1.0,1.0,1,1,1,1
-3.06499018197,-0.180293540116,-3.06499018197,-0.180293540116,-2.60735161739,-0.20056550903,-2.60735161739,-0.20056550903,1.0,1.0,1.0,1.0,1.0,1.0,1.0,1,1,1,1,1.0,1.0,1.0,1.0,1.0,1.0,1.0,1,1,1,1
-1.467080134,-0.086298831412,-1.467080134,-0.086298831412,-1.34804082035,-0.103695447719,-1.34804082035,-0.103695447719,1.0,1.0,1.0,1.0,1.0,1.0,1.0,1,1,1,1,1.0,1.0,1.0,1.0,1.0,1.0,1.0,1,1,1,1
-0.843954529595,-0.0496443840938,-0.843954529595,-0.0496443840938,-0.718291798143,-0.0552532152418,-0.718291798143,-0.0552532152418,1.0,1.0,1.0,1.0,1.0,1.0,1.0,1,1,1,1,1.0,1.0,1.0,1.0,1.0,1.0,1.0,1,1,1,1
-2.71862889564,-0.159919346802,-2.71862889564,-0.159919346802,-1.7257770784,-0.132752082954,-1.7257770784,-0.132752082954,1.0,1.0,1.0,1.0,1.0,1.0,1.0,1,1,1,1,1.0,1.0,1.0,1.0,1.0,1.0,1.0,1,1,1,1
-0.36963454272,-0.0217432083953,-0.36963454272,-0.0217432083953,-0.307830680309,-0.0236792831007,-0.307830680309,-0.0236792831007,0.1111111111111111,0.1111111111111111,0.1111111111111111,0.1111111111111111,0.1111111111111111,0.1111111111111111,0.1111111111111111,1,1,1,1,0.1111111111111111,0.1111111111111111,0.1111111111111111,0.1111111111111111,0.1111111111111111,0.1111111111111111,0.1111111111111111,1,1,1,1
-1.10910275781,-0.0652413386947,-1.10910275781,-0.0652413386947,-1.17413956694,-0.0903184282261,-1.17413956694,-0.0903184282261,1.0,1.0,1.0,1.0,1.0,1.0,1.0,1,1,1,1,1.0,1.0,1.0,1.0,1.0,1.0,1.0,1,1,1,1
-2.54081414932,-0.149459655842,-2.54081414932,-0.149459655842,-1.05945823594,-0.0814967873797,-1.05945823594,-0.0814967873797,1.0,1.0,1.0,1.0,1.0,1.0,1.0,1,1,1,1,1.0,1.0,1.0,1.0,1.0,1.0,1.0,1,1,1,1
-1.03707551482,-0.0610044420485,-1.03707551482,-0.0610044420485,-0.844896868568,-0.0649920668129,-0.844896868568,-0.0649920668129,1.0,1.0,1.0,1.0,1.0,1.0,1.0,1,1,1,1,1.0,1.0,1.0,1.0,1.0,1.0,1.0,1,1,1,1
-1.17555470907,-0.0691502770043,-1.17555470907,-0.0691502770043,-0.933329464136,-0.0717945741643,-0.933329464136,-0.0717945741643,1.0,1.0,1.0,1.0,1.0,1.0,1.0,1,1,1,1,1.0,1.0,1.0,1.0,1.0,1.0,1.0,1,1,1,1
-1.98243960698,-0.116614094528,-1.98243960698,-0.116614094528,-1.50166396845,-0.115512612958,-1.50166396845,-0.115512612958,1.0,1.0,1.0,1.0,1.0,1.0,1.0,1,1,1,1,1.0,1.0,1.0,1.0,1.0,1.0,1.0,1,1,1,1
-2.17343685222,-0.127849226601,-2.17343685222,-0.127849226601,-1.71324626058,-0.131788173891,-1.71324626058,-0.131788173891,1.0,1.0,1.0,1.0,1.0,1.0,1.0,1,1,1,1,1.0,1.0,1.0,1.0,1.0,1.0,1.0,1,1,1,1
-1.36563426506,-0.0803314273564,-1.36563426506,-0.0803314273564,-0.878996196265,-0.0676150920203,-0.878996196265,-0.0676150920203,1.0,1.0,1.0,1.0,1.0,1.0,1.0,1,1,1,1,1.0,1.0,1.0,1.0,1.0,1.0,1.0,1,1,1,1
-1.41344702329,-0.0831439425462,-1.41344702329,-0.0831439425462,-1.24833655767,-0.0960258890513,-1.24833655767,-0.0960258890513,1.0,1.0,1.0,1.0,1.0,1.0,1.0,1,1,1,1,1.0,1.0,1.0,1.0,1.0,1.0,1.0,1,1,1,1
-2.34929768077,-0.138193981222,-2.34929768077,-0.138193981222,-1.7756972607,-0.136592096977,-1.7756972607,-0.136592096977,1.0,1.0,1.0,1.0,1.0,1.0,1.0,1,1,1,1,1.0,1.0,1.0,1.0,1.0,1.0,1.0,1,1,1,1
-1.16184083322,-0.0683435784245,-1.16184083322,-0.0683435784245,-0.89599051693,-0.0689223474561,-0.89599051693,-0.0689223474561,1.0,1.0,1.0,1.0,1.0,1.0,1.0,1,1,1,1,1.0,1.0,1.0,1.0,1.0,1.0,1.0,1,1,1,1
-2.86002165997,-0.168236568233,-2.86002165997,-0.168236568233,-2.62691220959,-0.202070169968,-2.62691220959,-0.202070169968,1.0,1.0,1.0,1.0,1.0,1.0,1.0,1,1,1,1,1.0,1.0,1.0,1.0,1.0,1.0,1.0,1,1,1,1
-0.652230563314,-0.0383665037243,-0.652230563314,-0.0383665037243,-0.997636502256,-0.0767412694043,-0.997636502256,-0.0767412694043,1.0,1.0,1.0,1.0,1.0,1.0,1.0,1,1,1,1,1.0,1.0,1.0,1.0,1.0,1.0,1.0,1,1,1,1
-1.1105788901,-0.0653281700057,-1.1105788901,-0.0653281700057,-0.80594787758,-0.061995990583,-0.80594787758,-0.061995990583,1.0,1.0,1.0,1.0,1.0,1.0,1.0,1,1,1,1,1.0,1.0,1.0,1.0,1.0,1.0,1.0,1,1,1,1
-2.01775013316,-0.118691184303,-2.01775013316,-0.118691184303,-1.29401651575,-0.099539731981,-1.29401651575,-0.099539731981,1.0,1.0,1.0,1.0,1.0,1.0,1.0,1,1,1,1,1.0,1.0,1.0,1.0,1.0,1.0,1.0,1,1,1,1
-1.03863672165,-0.0610962777442,-1.03863672165,-0.0610962777442,-0.573504776909,-0.0441157520699,-0.573504776909,-0.0441157520699,1.0,1.0,1.0,1.0,1.0,1.0,1.0,1,1,1,1,1.0,1.0,1.0,1.0,1.0,1.0,1.0,1,1,1,1
-0.317585034689,-0.0186814726288,-0.317585034689,-0.0186814726288,-0.497748590471,-0.0382883531132,-0.497748590471,-0.0382883531132,1.0,1.0,1.0,1.0,1.0,1.0,1.0,1,1,1,1,1.0,1.0,1.0,1.0,1.0,1.0,1.0,1,1,1,1
-2.70911978007,-0.159359987063,-2.70911978007,-0.159359987063,-2.39823094654,-0.18447930358,-2.39823094654,-0.18447930358,1.0,1.0,1.0,1.0,1.0,1.0,1.0,1,1,1,1,1.0,1.0,1.0,1.0,1.0,1.0,1.0,1,1,1,1
-1.43299650172,-0.0842939118662,-1.43299650172,-0.0842939118662,-1.1492565138,-0.0884043472158,-1.1492565138,-0.0884043472158,1.0,1.0,1.0,1.0,1.0,1.0,1.0,1,1,1,1,1.0,1.0,1.0,1.0,1.0,1.0,1.0,1,1,1,1
-1.23889926065,-0.0728764270973,-1.23889926065,-0.0728764270973,-1.04206373643,-0.0801587489563,-1.04206373643,-0.0801587489563,1.0,1.0,1.0,1.0,1.0,1.0,1.0,1,1,1,1,1.0,1.0,1.0,1.0,1.0,1.0,1.0,1,1,1,1
-2.30659154436,-0.135681855551,-2.30659154436,-0.135681855551,-1.97090311857,-0.151607932198,-1.97090311857,-0.151607932198,1.0,1.0,1.0,1.0,1.0,1.0,1.0,1,1,1,1,1.0,1.0,1.0,1.0,1.0,1.0,1.0,1,1,1,1
-1.18329815571,-0.0696057738654,-1.18329815571,-0.0696057738654,-0.982519660243,-0.0755784354033,-0.982519660243,-0.0755784354033,1.0,1.0,1.0,1.0,1.0,1.0,1.0,1,1,1,1,1.0,1.0,1.0,1.0,1.0,1.0,1.0,1,1,1,1
