-1.10054369599,-0.220108739197,-1.10054369599,-0.220108739197,-0.517953361807,-0.172651120602,-0.517953361807,-0.172651120602,0.2,0.2,0.2,0.2,0.2,0.2,0.2,1,1,1,1,0.2,0.2,0.2,0.2,0.2,0.2,0.2,1,1,1,1
-0.636424126324,-0.127284825265,-0.636424126324,-0.127284825265,-0.266063659217,-0.0886878864056,-0.266063659217,-0.0886878864056,0.125,0.125,0.125,0.125,0.125,0.125,0.125,1,1,1,1,0.25,0.25,0.25,0.25,0.25,0.25,0.25,1,1,1,1
-0.63881458198,-0.127762916396,-0.63881458198,-0.127762916396,-0.110950775132,-0.0369835917106,-0.110950775132,-0.0369835917106,1.0,1.0,1.0,1.0,1.0,1.0,1.0,1,1,1,1,1.0,1.0,1.0,1.0,1.0,1.0,1.0,1,1,1,1
-0.510402878968,-0.102080575794,-0.510402878968,-0.102080575794,-0.126309141599,-0.0421030471997,-0.126309141599,-0.0421030471997,1.0,1.0,1.0,1.0,1.0,1.0,1.0,1,1,1,1,1.0,1.0,1.0,1.0,1.0,1.0,1.0,1,1,1,1
-1.54286351898,-0.308572703796,-1.54286351898,-0.308572703796,-0.569110910144,-0.189703636715,-0.569110910144,-0.189703636715,0.16666666666666666,0.16666666666666666,0.16666666666666666,0.16666666666666666,0.16666666666666666,0.16666666666666666,0.16666666666666666,1,1,1,1,0.25,0.25,0.25,0.25,0.25,0.25,0.25,1,1,1,1
-0.294661942429,-0.0589323884859,-0.294661942429,-0.0589323884859,-0.133031829608,-0.0443439432028,-0.133031829608,-0.0443439432028,0.125,0.125,0.125,0.125,0.125,0.125,0.125,1,1,1,1,0.125,0.125,0.125,0.125,0.125,0.125,0.125,1,1,1,1
-3.30756445717,-0.661512891433,-3.30756445717,-0.661512891433,-1.40783870903,-0.469279569676,-1.40783870903,-0.469279569676,0.3333333333333333,0.3333333333333333,0.3333333333333333,0.3333333333333333,0.3333333333333333,0.3333333333333333,0.3333333333333333,1,1,1,1,0.3333333333333333,0.3333333333333333,0.3333333333333333,0.3333333333333333,0.3333333333333333,0.3333333333333333,0.3333333333333333,1,1,1,1
-1.0905835452,-0.21811670904,-1.0905835452,-0.21811670904,-0.45888871562,-0.152962905207,-0.45888871562,-0.152962905207,0.16666666666666666,0.16666666666666666,0.16666666666666666,0.16666666666666666,0.16666666666666666,0.16666666666666666,0.16666666666666666,1,1,1,1,1.0,1.0,1.0,1.0,1.0,1.0,1.0,1,1,1,1
-1.34413817015,-0.268827634031,-1.34413817015,-0.268827634031,-0.355389209105,-0.118463069702,-0.355389209105,-0.118463069702,0.2,0.2,0.2,0.2,0.2,0.2,0.2,1,1,1,1,0.25,0.25,0.25,0.25,0.25,0.25,0.25,1,1,1,1
-0.909796534728,-0.181959306946,-0.909796534728,-0.181959306946,-0.465611403629,-0.15520380121,-0.465611403629,-0.15520380121,0.16666666666666666,0.16666666666666666,0.16666666666666666,0.16666666666666666,0.16666666666666666,0.16666666666666666,0.16666666666666666,1,1,1,1,0.16666666666666666,0.16666666666666666,0.16666666666666666,0.16666666666666666,0.16666666666666666,0.16666666666666666,0.16666666666666666,1,1,1,1
-0.525455644332,-0.105091128866,-0.525455644332,-0.105091128866,-0.266063659217,-0.0886878864056,-0.266063659217,-0.0886878864056,0.125,0.125,0.125,0.125,0.125,0.125,0.125,1,1,1,1,0.125,0.125,0.125,0.125,0.125,0.125,0.125,1,1,1,1
-0.663930151171,-0.132786030234,-0.663930151171,-0.132786030234,-0.332579574021,-0.110859858007,-0.332579574021,-0.110859858007,0.125,0.125,0.125,0.125,0.125,0.125,0.125,1,1,1,1,0.125,0.125,0.125,0.125,0.125,0.125,0.125,1,1,1,1
-0.785941101699,-0.15718822034,-0.785941101699,-0.15718822034,-0.465611403629,-0.15520380121,-0.465611403629,-0.15520380121,0.07692307692307693,0.07692307692307693,0.07692307692307693,0.07692307692307693,0.07692307692307693,0.07692307692307693,0.07692307692307693,1,1,1,1,0.07692307692307693,0.07692307692307693,0.07692307692307693,0.07692307692307693,0.07692307692307693,0.07692307692307693,0.07692307692307693,1,1,1,1
-6.29863049081,-1.25972609816,-6.29863049081,-1.25972609816,-3.08858615387,-1.02952871796,-3.08858615387,-1.02952871796,0.3333333333333333,0.3333333333333333,0.3333333333333333,0.3333333333333333,0.3333333333333333,0.3333333333333333,0.3333333333333333,1,1,1,1,1.0,1.0,1.0,1.0,1.0,1.0,1.0,1,1,1,1
-0.800311248386,-0.160062249677,-0.800311248386,-0.160062249677,-0.25188970259,-0.0839632341968,-0.25188970259,-0.0839632341968,0.2,0.2,0.2,0.2,0.2,0.2,0.2,1,1,1,1,0.2,0.2,0.2,0.2,0.2,0.2,0.2,1,1,1,1
-1.47826149347,-0.295652298693,-1.47826149347,-0.295652298693,-0.918233260473,-0.306077753491,-0.918233260473,-0.306077753491,0.25,0.25,0.25,0.25,0.25,0.25,0.25,1,1,1,1,1.0,1.0,1.0,1.0,1.0,1.0,1.0,1,1,1,1
-0.525455644332,-0.105091128866,-0.525455644332,-0.105091128866,-0.266063659217,-0.0886878864056,-0.266063659217,-0.0886878864056,0.125,0.125,0.125,0.125,0.125,0.125,0.125,1,1,1,1,0.125,0.125,0.125,0.125,0.125,0.125,0.125,1,1,1,1
-2.49953795309,-0.499907590617,-2.49953795309,-0.499907590617,-0.749714919687,-0.249904973229,-0.749714919687,-0.249904973229,0.3333333333333333,0.3333333333333333,0.3333333333333333,0.3333333333333333,0.3333333333333333,0.3333333333333333,0.3333333333333333,1,1,1,1,1.0,1.0,1.0,1.0,1.0,1.0,1.0,1,1,1,1
-0.672278088619,-0.134455617724,-0.672278088619,-0.134455617724,-0.42981222176,-0.143270740587,-0.42981222176,-0.143270740587,0.16666666666666666,0.16666666666666666,0.16666666666666666,0.16666666666666666,0.16666666666666666,0.16666666666666666,0.16666666666666666,1,1,1,1,0.25,0.25,0.25,0.25,0.25,0.25,0.25,1,1,1,1
-1.00504688736,-0.201009377472,-1.00504688736,-0.201009377472,-0.539578587051,-0.179859529017,-0.539578587051,-0.179859529017,0.2,0.2,0.2,0.2,0.2,0.2,0.2,1,1,1,1,1.0,1.0,1.0,1.0,1.0,1.0,1.0,1,1,1,1
-1.056608872,-0.211321774399,-1.056608872,-0.211321774399,-0.377014434349,-0.125671478116,-0.377014434349,-0.125671478116,0.2,0.2,0.2,0.2,0.2,0.2,0.2,1,1,1,1,1.0,1.0,1.0,1.0,1.0,1.0,1.0,1,1,1,1
-1.44984164312,-0.289968328624,-1.44984164312,-0.289968328624,-0.570295319985,-0.190098439995,-0.570295319985,-0.190098439995,0.2,0.2,0.2,0.2,0.2,0.2,0.2,1,1,1,1,1.0,1.0,1.0,1.0,1.0,1.0,1.0,1,1,1,1
-1.60702780545,-0.32140556109,-1.60702780545,-0.32140556109,-0.799375387491,-0.266458462497,-0.799375387491,-0.266458462497,0.3333333333333333,0.3333333333333333,0.3333333333333333,0.3333333333333333,0.3333333333333333,0.3333333333333333,0.3333333333333333,1,1,1,1,0.3333333333333333,0.3333333333333333,0.3333333333333333,0.3333333333333333,0.3333333333333333,0.3333333333333333,0.3333333333333333,1,1,1,1
-0.294661942429,-0.0589323884859,-0.294661942429,-0.0589323884859,-0.133031829608,-0.0443439432028,-0.133031829608,-0.0443439432028,0.125,0.125,0.125,0.125,0.125,0.125,0.125,1,1,1,1,0.125,0.125,0.125,0.125,0.125,0.125,0.125,1,1,1,1
-0.756597883293,-0.151319576659,-0.756597883293,-0.151319576659,-0.598643233238,-0.199547744413,-0.598643233238,-0.199547744413,0.125,0.125,0.125,0.125,0.125,0.125,0.125,1,1,1,1,0.125,0.125,0.125,0.125,0.125,0.125,0.125,1,1,1,1
-0.133031829608,-0.0266063659217,-0.133031829608,-0.0266063659217,-0.0665159148042,-0.0221719716014,-0.0665159148042,-0.0221719716014,0,0,0,0,0,0,0,1,1,1,1,0,0,0,0,0,0,0,1,1,1,1
-1.02378494529,-0.204756989058,-1.02378494529,-0.204756989058,-0.38610594204,-0.12870198068,-0.38610594204,-0.12870198068,1.0,1.0,1.0,1.0,1.0,1.0,1.0,1,1,1,1,1.0,1.0,1.0,1.0,1.0,1.0,1.0,1,1,1,1
-1.87274475339,-0.374548950678,-1.87274475339,-0.374548950678,-0.696604461584,-0.232201487195,-0.696604461584,-0.232201487195,0.25,0.25,0.25,0.25,0.25,0.25,0.25,1,1,1,1,1.0,1.0,1.0,1.0,1.0,1.0,1.0,1,1,1,1
