-2.65675844014,-0.156279908243,-2.65675844014,-0.156279908243,-2.40653489321,-0.185118068708,-2.40653489321,-0.185118068708
-1.48576108642,-0.0873977109661,-1.48576108642,-0.0873977109661,-1.07529462133,-0.0827149708717,-1.07529462133,-0.0827149708717
-1.19751966469,-0.0704423332173,-1.19751966469,-0.0704423332173,-0.970966831188,-0.0746897562452,-0.970966831188,-0.0746897562452
-1.3041260439,-0.0767132966997,-1.3041260439,-0.0767132966997,-1.11480996959,-0.0857546130458,-1.11480996959,-0.0857546130458
-2.28229621908,-0.13425271877,-2.28229621908,-0.13425271877,-1.61619339761,-0.124322569047,-1.61619339761,-0.124322569047
-1.84028638062,-0.108252140036,-1.84028638062,-0.108252140036,-1.71414439566,-0.131857261204,-1.71414439566,-0.131857261204
-1.42608075542,-0.0838871032601,-1.42608075542,-0.0838871032601,-1.21700744793,-0.0936159575334,-1.21700744793,-0.0936159575334
-2.15950325248,-0.127029603087,-2.15950325248,-0.127029603087,-1.57782362134,-0.121371047795,-1.57782362134,-0.121371047795
-0.464212673544,-0.0273066278555,-0.464212673544,-0.0273066278555,-0.402408811133,-0.0309545239333,-0.402408811133,-0.0309545239333
-1.21510335463,-0.0714766679192,-1.21510335463,-0.0714766679192,-1.12183263791,-0.0862948183008,-1.12183263791,-0.0862948183008
-2.48634483867,-0.146255578745,-2.48634483867,-0.146255578745,-1.82919921325,-0.140707631788,-1.82919921325,-0.140707631788
-1.56161478491,-0.0918596932297,-1.56161478491,-0.0918596932297,-1.26911978532,-0.0976245988704,-1.26911978532,-0.0976245988704
-1.26045562333,-0.074144448431,-1.26045562333,-0.074144448431,-1.16055523537,-0.089273479644,-1.16055523537,-0.089273479644
-2.2588169856,-0.132871587388,-2.2588169856,-0.132871587388,-1.79829135765,-0.138330104435,-1.79829135765,-0.138330104435
-2.04728031646,-0.12042825391,-2.04728031646,-0.12042825391,-1.48803957591,-0.114464582762,-1.48803957591,-0.114464582762
-1.09023687611,-0.0641315809478,-1.09023687611,-0.0641315809478,-0.673779391604,-0.0518291839695,-0.673779391604,-0.0518291839695
-2.43399150303,-0.143175970767,-2.43399150303,-0.143175970767,-2.1838261037,-0.167986623362,-2.1838261037,-0.167986623362
-1.52350887925,-0.0896181693678,-1.52350887925,-0.0896181693678,-1.43252849984,-0.110194499988,-1.43252849984,-0.110194499988
-0.910023699888,-0.0535308058758,-0.910023699888,-0.0535308058758,-0.722270403957,-0.0555592618429,-0.722270403957,-0.0555592618429
-3.27897784884,-0.192881049932,-3.27897784884,-0.192881049932,-2.70354973036,-0.207965363874,-2.70354973036,-0.207965363874
-1.04331647538,-0.0613715573755,-1.04331647538,-0.0613715573755,-0.86138309545,-0.0662602381116,-0.86138309545,-0.0662602381116
-1.02336034144,-0.0601976671435,-1.02336034144,-0.0601976671435,-0.768796844248,-0.0591382187883,-0.768796844248,-0.0591382187883
-2.62372692712,-0.154336878066,-2.62372692712,-0.154336878066,-2.20863074974,-0.169894673057,-2.20863074974,-0.169894673057
-1.60551650705,-0.0944421474733,-1.60551650705,-0.0944421474733,-1.16970243888,-0.0899771106832,-1.16970243888,-0.0899771106832
-0.639607976633,-0.0376239986255,-0.639607976633,-0.0376239986255,-0.391086934979,-0.030083610383,-0.391086934979,-0.030083610383
-2.3555260533,-0.138560356077,-2.3555260533,-0.138560356077,-1.96218502694,-0.150937309764,-1.96218502694,-0.150937309764
-2.09764987009,-0.123391168829,-2.09764987009,-0.123391168829,-1.5421677667,-0.118628289746,-1.5421677667,-0.118628289746
-1.24876902577,-0.0734570015158,-1.24876902577,-0.0734570015158,-0.823090346741,-0.063314642057,-0.823090346741,-0.063314642057
-2.75346284076,-0.161968402398,-2.75346284076,-0.161968402398,-2.21718452428,-0.170552655714,-2.21718452428,-0.170552655714
-1.21102110895,-0.0712365358205,-1.21102110895,-0.0712365358205,-0.938681012393,-0.0722062317225,-0.938681012393,-0.0722062317225
