-1.07634716061,-0.215269432122,-1.07634716061,-0.215269432122,-0.877838078668,-0.292612692889,-0.877838078668,-0.292612692889
-0.627036338941,-0.125407267788,-0.627036338941,-0.125407267788,-0.44028575706,-0.14676191902,-0.44028575706,-0.14676191902
-0.447270963928,-0.0894541927855,-0.447270963928,-0.0894541927855,-0.320412358256,-0.106804119419,-0.320412358256,-0.106804119419
-0.461537291088,-0.0923074582175,-0.461537291088,-0.0923074582175,-0.268162770612,-0.0893875902039,-0.268162770612,-0.0893875902039
-1.4989258922,-0.29978517844,-1.4989258922,-0.29978517844,-0.968285317757,-0.322761772586,-0.968285317757,-0.322761772586
-0.294188162626,-0.0588376325252,-0.294188162626,-0.0588376325252,-0.231305330967,-0.0771017769891,-0.231305330967,-0.0771017769891
-3.28895553974,-0.657791107947,-3.28895553974,-0.657791107947,-2.26959844721,-0.756532815737,-2.26959844721,-0.756532815737
-1.17010926404,-0.234021852807,-1.17010926404,-0.234021852807,-0.945536248003,-0.315178749334,-0.945536248003,-0.315178749334
-1.299543179,-0.2599086358,-1.299543179,-0.2599086358,-0.763634346087,-0.254544782029,-0.763634346087,-0.254544782029
-0.893411975698,-0.17868239514,-0.893411975698,-0.17868239514,-0.702666221099,-0.2342220737,-0.702666221099,-0.2342220737
-0.522478431525,-0.104495686305,-0.522478431525,-0.104495686305,-0.459595599866,-0.153198533289,-0.459595599866,-0.153198533289
-0.660952938363,-0.132190587673,-0.660952938363,-0.132190587673,-0.596403031321,-0.19880101044,-0.596403031321,-0.19880101044
-0.785941101699,-0.15718822034,-0.785941101699,-0.15718822034,-0.721708905821,-0.240569635274,-0.721708905821,-0.240569635274
-6.34783066292,-1.26956613258,-6.34783066292,-1.26956613258,-5.39954813484,-1.79984937828,-5.39954813484,-1.79984937828
-0.771045567144,-0.154209113429,-0.771045567144,-0.154209113429,-0.569076739094,-0.189692246365,-0.569076739094,-0.189692246365
-1.5518531106,-0.310370622121,-1.5518531106,-0.310370622121,-1.23604158011,-0.412013860035,-1.23604158011,-0.412013860035
-0.522478431525,-0.104495686305,-0.522478431525,-0.104495686305,-0.459595599866,-0.153198533289,-0.459595599866,-0.153198533289
-2.46192530612,-0.492385061223,-2.46192530612,-0.492385061223,-1.5760053099,-0.525335103299,-1.5760053099,-0.525335103299
-0.643842680861,-0.128768536172,-0.643842680861,-0.128768536172,-0.45709209898,-0.152364032993,-0.45709209898,-0.152364032993
-1.09218423016,-0.218436846031,-1.09218423016,-0.218436846031,-0.893829680129,-0.29794322671,-0.893829680129,-0.29794322671
-1.11506683484,-0.223013366967,-1.11506683484,-0.223013366967,-0.865771219143,-0.288590406381,-0.865771219143,-0.288590406381
-1.62143117526,-0.324286235052,-1.62143117526,-0.324286235052,-0.757121892801,-0.252373964267,-0.757121892801,-0.252373964267
-1.55936919691,-0.311873839382,-1.55936919691,-0.311873839382,-1.12672358609,-0.375574528696,-1.12672358609,-0.375574528696
-0.294188162626,-0.0588376325252,-0.294188162626,-0.0588376325252,-0.231305330967,-0.0771017769891,-0.231305330967,-0.0771017769891
-0.756439176897,-0.151287835379,-0.756439176897,-0.151287835379,-0.693556345239,-0.231185448413,-0.693556345239,-0.231185448413
-0.133031829608,-0.0266063659217,-0.133031829608,-0.0266063659217,-0.0665159148042,-0.0221719716014,-0.0665159148042,-0.0221719716014
-0.976346402979,-0.195269280596,-0.976346402979,-0.195269280596,-0.619422175277,-0.206474058426,-0.619422175277,-0.206474058426
-1.86685919334,-0.373371838669,-1.86685919334,-0.373371838669,-1.23311751213,-0.41103917071,-1.23311751213,-0.41103917071
