-0.61091323225,-0.12218264645,-0.61091323225,-0.12218264645,-0.877838078668,-0.292612692889,-0.877838078668,-0.292612692889
-0.285724840448,-0.0571449680896,-0.285724840448,-0.0571449680896,-0.44028575706,-0.14676191902,-0.44028575706,-0.14676191902
-0.346331339448,-0.0692662678896,-0.346331339448,-0.0692662678896,-0.320412358256,-0.106804119419,-0.320412358256,-0.106804119419
-0.427615732856,-0.0855231465711,-0.427615732856,-0.0855231465711,-0.268162770612,-0.0893875902039,-0.268162770612,-0.0893875902039
-0.910572464847,-0.182114492969,-0.910572464847,-0.182114492969,-0.968285317757,-0.322761772586,-0.968285317757,-0.322761772586
-0.097125771231,-0.0194251542462,-0.097125771231,-0.0194251542462,-0.231305330967,-0.0771017769891,-0.231305330967,-0.0771017769891
-2.43394129692,-0.486788259384,-2.43394129692,-0.486788259384,-2.26959844721,-0.756532815737,-2.26959844721,-0.756532815737
-0.725383950704,-0.145076790141,-0.725383950704,-0.145076790141,-0.945536248003,-0.315178749334,-0.945536248003,-0.315178749334
-0.789778176911,-0.157955635382,-0.789778176911,-0.157955635382,-0.763634346087,-0.254544782029,-0.763634346087,-0.254544782029
-0.540146167433,-0.108029233487,-0.540146167433,-0.108029233487,-0.702666221099,-0.2342220737,-0.702666221099,-0.2342220737
-0.230157600839,-0.0460315201679,-0.230157600839,-0.0460315201679,-0.459595599866,-0.153198533289,-0.459595599866,-0.153198533289
-0.293723017338,-0.0587446034676,-0.293723017338,-0.0587446034676,-0.596403031321,-0.19880101044,-0.596403031321,-0.19880101044
-0.429068462702,-0.0858136925404,-0.429068462702,-0.0858136925404,-0.721708905821,-0.240569635274,-0.721708905821,-0.240569635274
-4.06357957372,-0.812715914744,-4.06357957372,-0.812715914744,-5.39954813484,-1.79984937828,-5.39954813484,-1.79984937828
-0.348082425732,-0.0696164851465,-0.348082425732,-0.0696164851465,-0.569076739094,-0.189692246365,-0.569076739094,-0.189692246365
-1.05666247944,-0.211332495889,-1.05666247944,-0.211332495889,-1.23604158011,-0.412013860035,-1.23604158011,-0.412013860035
-0.230157600839,-0.0460315201679,-0.230157600839,-0.0460315201679,-0.459595599866,-0.153198533289,-0.459595599866,-0.153198533289
-2.39209157188,-0.478418314375,-2.39209157188,-0.478418314375,-1.5760053099,-0.525335103299,-1.5760053099,-0.525335103299
-0.408900261016,-0.0817800522033,-0.408900261016,-0.0817800522033,-0.45709209898,-0.152364032993,-0.45709209898,-0.152364032993
-0.700744343536,-0.140148868707,-0.700744343536,-0.140148868707,-0.893829680129,-0.29794322671,-0.893829680129,-0.29794322671
-0.655466454935,-0.131093290987,-0.655466454935,-0.131093290987,-0.865771219143,-0.288590406381,-0.865771219143,-0.288590406381
-1.15418199986,-0.230836399972,-1.15418199986,-0.230836399972,-0.757121892801,-0.252373964267,-0.757121892801,-0.252373964267
-1.34719472895,-0.269438945791,-1.34719472895,-0.269438945791,-1.12672358609,-0.375574528696,-1.12672358609,-0.375574528696
-0.097125771231,-0.0194251542462,-0.097125771231,-0.0194251542462,-0.231305330967,-0.0771017769891,-0.231305330967,-0.0771017769891
-0.558169737009,-0.111633947402,-0.558169737009,-0.111633947402,-0.693556345239,-0.231185448413,-0.693556345239,-0.231185448413
-0.0372880029096,-0.00745760058192,-0.0372880029096,-0.00745760058192,-0.0665159148042,-0.0221719716014,-0.0665159148042,-0.0221719716014
-0.669033133124,-0.133806626625,-0.669033133124,-0.133806626625,-0.619422175277,-0.206474058426,-0.619422175277,-0.206474058426
-1.37593465643,-0.275186931286,-1.37593465643,-0.275186931286,-1.23311751213,-0.41103917071,-1.23311751213,-0.41103917071
